face_two/1.pgm
7 9
31 9
18 37
18 22
25 52
60 53
40 88

y
face_two/2.pgm
7 9
31 9
18 37
18 22
36 50
69 52
52 87

y
face_two/3.pgm
7 9
31 9
18 37
18 22
20 51
56 53
34 87

y
face_two/4.pgm
7 9
31 9
18 37
18 22
32 53
66 52
49 88

y
face_two/5.pgm
7 9
31 9
18 37
18 22
39 53
74 52
58 88

y
face_two/6.pgm
7 9
31 9
18 37
18 22
16 51
49 52
29 88

y
face_two/7.pgm
7 9
31 9
18 37
18 22
29 52
61 53
45 88

y
face_two/8.pgm
7 9
31 9
18 37
18 22
22 52
58 52
36 87

y
face_two/9.pgm
7 9
31 9
18 37
18 22
33 54
68 56
49 89

y
face_two/10.pgm
7 9
31 9
18 37
18 22
46 53
77 52
67 87
n
