face_one/1.pgm
7 9
31 9
19 37
19 25
26 51
63 50
46 88

y
face_one/2.pgm
7 9
31 9
19 37
19 25
30 44
74 43
58 86

y
face_one/3.pgm
7 9
31 9
19 37
19 25
24 47
61 45
45 89

y
face_one/4.pgm
7 9
31 9
19 37
19 25
16 44
58 41
32 83

y
face_one/5.pgm
7 9
31 9
19 37
19 25
34 44
75 43
61 84

y
face_one/6.pgm
7 9
31 9
19 37
19 26
13 50
55 47
29 88

y
face_one/7.pgm
7 9
31 9
19 37
19 26
24 47
63 45
42 83

y
face_one/8.pgm
7 9
31 9
19 37
19 26
28 46
65 43
48 84

y
face_one/9.pgm
7 9
31 9
19 37
19 26
30 36
68 35
52 72

y
face_one/10.pgm
7 9
31 9
19 37
19 26
34 51
79 49
58 91
n
